"","x"
"1",0.00339499634797893
