"","x"
"1",0.0343514527593001
