"","method","pval"
"1","Hier_Unconstrained",0.977556109725686
"2","dI_CRT",0.401496259351621
