"","method","pval"
"1","Hier_Unconstrained",0.0773067331670823
"2","dI_CRT",0.104738154613466
