"","x"
"1",0.501860263877072
