"","x"
"1",0.214661656571878
