"","method","pval"
"1","Hier_Unconstrained",0.755610972568579
"2","dI_CRT",0.99501246882793
