"","method","pval"
"1","Hier_Unconstrained",0.982543640897756
"2","dI_CRT",0.231920199501247
