"","method","pval"
"1","Hier_Unconstrained",0.159600997506234
"2","dI_CRT",1
