"","method","pval"
"1","Hier_Unconstrained",0.1571072319202
"2","dI_CRT",0.0374064837905237
