"","method","pval"
"1","Hier_Unconstrained",0.00498753117206983
"2","dI_CRT",0.920199501246883
