"","x"
"1",0.000561399060133928
